1 0.50703125 0.23359375 0.153125 0.25859375
1 0.215625 0.13984375 0.20234375 0.203125
1 0.13671875 0.5 0.17734375 0.3515625
1 0.32265625 0.50859375 0.1140625 0.31328125
1 0.221875 0.8625 0.21875 0.26953125
1 0.44453125 0.81328125 0.16953125 0.3734375
1 0.478125 0.51640625 0.16953125 0.34609375
1 0.6453125 0.1453125 0.16953125 0.253125
1 0.80078125 0.11953125 0.21640625 0.2390625
1 0.909375 0.3640625 0.153125 0.228125
1 0.70390625 0.4453125 0.17890625 0.275
1 0.6859375 0.77578125 0.14375 0.315625
1 0.8203125 0.7640625 0.121875 0.34609375